76 99 84 49 63 21 16 25 23 98 60 46 71 55 66 
81 56 44 30 51 42 65 76 65 46 21 11  9 99 96 
 4 76 96 89 26 59 11 42 85 34 40 46 81 11  2 
48 93 58 93 23 10 35 89 86  1 36  8 12 46  8 
 9 51 84  6 40 11 66 51 53 51 86 94 97 68  6 
99 16 99 58  9 23 69 44 12 55 46 49 64 59 95 
72 68 46 57 74 86 68 41 38 22 92 24 16 90 92 
22 90  8 22 48 18 45 17 63 58 73  9  7 38 68 
 3 10 37 49 67 12 36 36 53 74 58 45 99 75 35 
92 98 25  1 21 74 19 66 92 82 25 65 92 33  4 
60 36 14 97 86 82  9 22 19 62 97 78  8 97 53 
43 90 52 69 91 73 43 11 40 35 93 65  1 85 99 
 5 46 36 20 43 22  3 53 45 22 15 43  0 23 41 
54 67 31  6 37 22 80 80 33 20 16 27 86 18 13 
85 24 59 21 45  3 44 48 56 90 71 72 33 71 96 
